4.109553002922575971e+00
2.713873462094215649e-02
1.982408210278595664e-02
1.006833488613066534e-02
7.276922192853985290e-03
6.446016281361735718e-03
4.124608476167918557e-03
2.106173650313986935e-03
1.265155426480389428e-03
6.919880612361272148e-04
4.414514371812400337e-04
2.806332794445518843e-04
2.697931644829868521e-04
1.417400148464018669e-04
1.261678681880923272e-04
1.132786049570708018e-04
1.114980988897748771e-04
1.103931100090742496e-04
1.087531388034596188e-04
1.081222197332519990e-04
1.068511678516383069e-04
1.065781740593605749e-04
1.063880345192259094e-04
1.053904517038847512e-04
1.051133141247838641e-04
1.045871484247514187e-04
1.035168526314082424e-04
1.028269129059971020e-04
1.024769123093161044e-04
1.019537350778529074e-04
1.013362220552853262e-04
9.993040232670817688e-05
9.944476242664454231e-05
9.915722522108360367e-05
9.871008509316937655e-05
9.856402136628561277e-05
9.776261804937851139e-05
9.715632341853922644e-05
9.672111371373899786e-05
9.615762808252535513e-05
9.572709707577070767e-05
9.534819774941864247e-05
9.490800734230939802e-05
9.446052058015199770e-05
9.426923369005750031e-05
9.359042879858376132e-05
9.321522298337869058e-05
9.275081637557970463e-05
9.254623102774830112e-05
9.231095873965835771e-05
9.167000128363671165e-05
9.134376762077942296e-05
9.118290557436570731e-05
9.037773923883668113e-05
9.007406781893700855e-05
8.974406931398258634e-05
8.881086388501694632e-05
8.820490724378421941e-05
8.804587765535670340e-05
8.753911367938964903e-05
8.706732839362441218e-05
8.689307115268320181e-05
8.610492227848992141e-05
8.584186688218790710e-05
8.570796903715920177e-05
8.471558111350054520e-05
8.426206715048420264e-05
8.403378306195349596e-05
8.364747719303948503e-05
8.329950982661431908e-05
8.286521380833895378e-05
8.252977674004840158e-05
8.196278343144879574e-05
8.159686602661092071e-05
8.117556560573354881e-05
8.076800850317114545e-05
8.032567905622214216e-05
8.014323503456569791e-05
7.983961932695729166e-05
7.966340317736187056e-05
7.904128030292033758e-05
7.856761316876915849e-05
7.824251220257423252e-05
7.816700630783080276e-05
7.779007214048152142e-05
7.735371196461790630e-05
7.678841314166772456e-05
7.645647667637040098e-05
7.591952211918912713e-05
7.571528378098238540e-05
7.502993251437659224e-05
7.499439938159033366e-05
7.443809934502241014e-05
7.424445558599017359e-05
7.350161232813917525e-05
7.305663353849802975e-05
7.299672496758791867e-05
7.234625500977036826e-05
7.154814689719713806e-05
7.128251929642817804e-05
7.090514196463493929e-05
7.050845271391055870e-05
7.032182476463628637e-05
7.009157265808897534e-05
6.946805568192900406e-05
6.921256890765453403e-05
6.862431007108232080e-05
6.801571681395130007e-05
6.763140889526017031e-05
6.722678081508398607e-05
6.686548485945776352e-05
6.633254067770983969e-05
6.577673775979695403e-05
6.533336704489695090e-05
6.501986762987213141e-05
6.464669722085055685e-05
6.453120013695850187e-05
6.385291205581422570e-05
6.334453306190574178e-05
6.314390343367761490e-05
6.273146841760292986e-05
6.169770443310898772e-05
6.145461118903206791e-05
6.115245817601598025e-05
6.039086756579161640e-05
5.973322783827339987e-05
5.947200799030952060e-05
5.923045702230955072e-05
5.842373379506255430e-05
5.811101916469106735e-05
5.772162315390637035e-05
5.703266430586003479e-05
5.682922513325129610e-05
5.577844641199274653e-05
5.561054164256417205e-05
5.501830449709705246e-05
5.464549069392050343e-05
5.351511326884926799e-05
5.251202840333471896e-05
5.202064857592164740e-05
4.086443050799820982e-16
2.912690613172784858e-21
